-1.805093274356850408e-05 -2.205104389683618105e-05 8.724278421912146086e-06
-1.885538726072340243e-04 -2.101799156722927719e-04 -8.405629790608770691e-05
-7.449447309537671202e-05 2.583876144679475573e-04 8.589460780594748712e-05
1.904802318664078342e-04 1.856617117628189817e-04 -8.172713228837835686e-05
2.561776115903302564e-04 -8.806563915186860214e-05 9.985300238035677012e-05
7.512918110064159549e-05 -2.491818275666690674e-04 -1.026494928115795346e-04
-1.864018127050171003e-04 -2.249556217873704966e-04 6.368907155174241552e-05
-1.331509737377278846e-04 2.651895990802566327e-04 4.438275094198473880e-05
3.086850023355930395e-04 7.501812243182470752e-06 3.783465341911096402e-05
-1.238835517642922213e-04 -2.622245779826948286e-04 2.122852098995764436e-06
0.000000000000000000e+00 0.000000000000000000e+00 0.000000000000000000e+00
0.000000000000000000e+00 0.000000000000000000e+00 0.000000000000000000e+00
0.000000000000000000e+00 0.000000000000000000e+00 0.000000000000000000e+00
