-2.020862389476990595e-05 -1.967204571122482815e-05 8.655210587793504828e-06
2.544929391516681516e-04 6.588600121393284326e-05 8.809826809930143554e-05
-8.803360441134167047e-05 -2.682499059677434516e-04 -8.492990518371712483e-05
-1.006102709699696618e-04 -2.795512711680769868e-04 6.291075449205152381e-05
-2.593280282584264906e-04 -6.257099232387375309e-05 -1.019756029894125504e-04
-2.063909008769293507e-04 1.805441840119215158e-04 9.816345415547544917e-05
5.382277190646433951e-05 2.535153525764499705e-04 -8.115388354745789457e-05
2.952555181388177852e-04 1.288277990918462734e-05 4.513108757731032483e-05
-1.662199585356072262e-04 -2.378043871976709411e-04 2.003906869330052132e-06
-1.425348999644082681e-04 2.723687628796711557e-04 3.701486251328489629e-05
0.000000000000000000e+00 0.000000000000000000e+00 0.000000000000000000e+00
0.000000000000000000e+00 0.000000000000000000e+00 0.000000000000000000e+00
0.000000000000000000e+00 0.000000000000000000e+00 0.000000000000000000e+00
