1.769012080142212673e-02 -3.213232212804417731e-02 1.096206315510528384e-02
4.459461372023553194e-01 9.857111607115331964e-03 1.236356938542733097e-01
2.652249984342616163e-01 -1.814601704814799987e-01 -3.341739665468823617e-01
-7.806190765240983431e-02 -3.469518363487895662e-01 -6.513532076754735556e-02
-2.875026122253163119e-01 -9.186507718137382206e-02 -1.726053222040446755e-01
-1.751234037649163633e-01 1.372439869865121898e-01 2.983461989635900480e-01
1.132673352742623596e-01 3.596484529985516931e-01 3.981611730378054048e-02
5.841001924208190088e-01 -7.051276140421477989e-02 -8.060615739686216585e-02
-1.656687232053517533e-01 -3.831778760106380188e-01 -1.123997455166119153e-01
-6.467917523447949679e-02 3.536506536366376130e-01 2.429580594386426817e-01
0.000000000000000000e+00 0.000000000000000000e+00 0.000000000000000000e+00
0.000000000000000000e+00 0.000000000000000000e+00 0.000000000000000000e+00
0.000000000000000000e+00 0.000000000000000000e+00 0.000000000000000000e+00
