4.035671515706384938e-05 2.249984662611024221e-03 -9.861562295210291040e-05
1.225971008783832694e-02 1.609959133411664745e-03 1.920965336243884991e-02
1.342543703512955044e-02 -1.131481248867099998e-02 -1.162833711821686933e-03
-1.379506026879806502e-02 -1.149941901375917119e-02 1.652845363994348560e-03
-1.242035431050758643e-02 1.133981378179660382e-03 -1.952539869035785358e-02
-9.980631585956967200e-03 1.738263376636128843e-02 2.830062071764061216e-03
9.685578800314065262e-03 1.736218623007823592e-02 -1.799097811749028608e-03
2.103132078581193554e-02 -1.810912497185590553e-02 1.212643606979080246e-02
-2.165672888714242905e-02 -1.883030449959605113e-02 -1.213520437584847400e-02
-3.700615174579979794e-04 2.160269842344682278e-02 3.803747180768368708e-04
0.000000000000000000e+00 0.000000000000000000e+00 0.000000000000000000e+00
0.000000000000000000e+00 0.000000000000000000e+00 0.000000000000000000e+00
0.000000000000000000e+00 0.000000000000000000e+00 0.000000000000000000e+00
