-1.022285137215056539e-05 -1.356603728338429127e-05 -3.994170013399411800e-06
8.871505904894938510e-05 -4.883527391175146448e-05 1.562989258996339004e-05
-8.613809499591340568e-05 4.743640776849744611e-05 1.464365625292174400e-05
-7.418502737777110667e-06 4.256891448067845474e-05 -3.363665141087324173e-06
-4.620320414646522655e-06 -3.807378344156120420e-06 -2.463598979129955069e-05
-7.154625532135305832e-06 3.262474231935375002e-06 -2.445761523439671237e-05
3.933262268929205163e-05 1.548037387943956844e-05 -4.039010001566367691e-06
-1.905323674084025143e-05 -3.149886192527207029e-05 1.389204002588684261e-05
-1.569798448269876801e-05 -1.927103795118512153e-05 -2.104133685598696957e-05
-2.000177743133324526e-05 -1.408253585857832668e-05 -2.109138769013085835e-05
0.000000000000000000e+00 0.000000000000000000e+00 0.000000000000000000e+00
0.000000000000000000e+00 0.000000000000000000e+00 0.000000000000000000e+00
0.000000000000000000e+00 0.000000000000000000e+00 0.000000000000000000e+00
