-7.088528043631027453e-02 4.091550551635703137e-02 -5.702274565422271735e-06
2.854852156615186320e-01 9.643616978104452286e-02 1.915638848067313660e-02
5.919303835400102631e-02 -2.955293770836692757e-01 -1.918961820975573218e-02
-1.387456336617054475e-02 2.259016816979971254e-01 -2.110693106426442256e-02
9.685443991395589758e-02 2.847468676118303232e-02 -1.927450755247583913e-03
2.375767224929647981e-02 -9.809346416520564604e-02 1.912520999018951784e-03
-2.024888965341531399e-01 -1.008867738010672532e-01 2.107363920589433448e-02
5.710626693511527963e-02 -3.296605791270840191e-02 -2.419082120219684384e-05
3.455264601149499182e-02 6.099312961948377687e-03 -1.549700137614351547e-02
1.200334435042715864e-02 -3.295530226048914296e-02 1.546571993620604601e-02
0.000000000000000000e+00 0.000000000000000000e+00 0.000000000000000000e+00
0.000000000000000000e+00 0.000000000000000000e+00 0.000000000000000000e+00
0.000000000000000000e+00 0.000000000000000000e+00 0.000000000000000000e+00
