-6.239467627380815284e-02 3.675771900247495200e-02 5.432207102017061473e-02
-1.475248384465195073e-01 7.040179793737488811e-02 -1.522097713912313743e-01
-1.206424167239997791e-01 -3.725686535188094117e-02 1.178166451821565097e-01
-2.359732959233049598e-01 -9.653084088646579630e-02 1.093442314395471904e-01
2.079927941880695408e-01 4.862832066772371231e-02 -7.249260231342979921e-03
8.387670861625184937e-02 -1.126254457715115120e-01 -2.621881040477092029e-02
-1.124618875368053050e-01 -8.231690684440029493e-02 4.753525521222989880e-03
-2.408332585578337737e-02 -1.427014073592831611e-01 2.563360942483057237e-01
-1.765476726711301958e-01 -1.069986853869514531e-01 1.272544343960935187e-01
-1.311340766143130887e-01 -5.327359693685713993e-02 1.342315060875254318e-02
0.000000000000000000e+00 0.000000000000000000e+00 0.000000000000000000e+00
0.000000000000000000e+00 0.000000000000000000e+00 0.000000000000000000e+00
0.000000000000000000e+00 0.000000000000000000e+00 0.000000000000000000e+00
