-1.861385443521923130e-02 5.691651783032562750e-02 3.064901270724229576e-02
-2.065992869178096547e-01 1.637813568755870364e-01 4.666477893070020144e-01
-1.164400367632347777e-01 1.179165359458907991e-01 1.259194760955768544e-01
-7.257313946551802175e-02 5.607594702330442882e-02 2.004011280735529255e-02
-1.635827427270777901e-01 9.063687273855969284e-02 -6.975942687050729063e-02
2.222699787103623592e-01 -2.374629123975971479e-01 -6.886460907361513506e-02
-1.593342860721375098e-01 -2.031814252755399508e-01 6.058512257499293341e-02
-5.876711790797523038e-02 -1.724837401328664921e-01 2.633883882388303732e-01
-9.790753895695381015e-02 -1.640377752238634801e-01 1.024743523931803679e-02
-8.839856952122204792e-02 -1.969747862755313050e-01 1.160748570010383673e-02
0.000000000000000000e+00 0.000000000000000000e+00 0.000000000000000000e+00
0.000000000000000000e+00 0.000000000000000000e+00 0.000000000000000000e+00
0.000000000000000000e+00 0.000000000000000000e+00 0.000000000000000000e+00
