8.658251647977854848e-02 -2.861570469545081082e-08 1.496435468950796377e-02
-1.639987961304374686e-01 -3.689006134427752492e-02 1.297233634948957715e-02
1.087980613032213384e-02 2.592640791252049937e-01 -1.152637556279056952e-02
1.087978042381942956e-02 -2.592640374833588557e-01 -1.152627310380482939e-02
-1.639987818392425745e-01 3.689007873403260529e-02 1.297234302482364043e-02
-4.132329694219705196e-02 2.575300937559026893e-01 6.526272186736914449e-02
-4.132324172078127855e-02 -2.575300869349370081e-01 6.526269881660606842e-02
4.771721470845063928e-02 2.097409027155783257e-02 4.825598041883871758e-03
4.771713385517706296e-02 -2.097410180780295841e-02 4.825640929708274740e-03
9.892243797697264363e-02 -4.217316133271683616e-08 9.052297793205799081e-02
0.000000000000000000e+00 0.000000000000000000e+00 0.000000000000000000e+00
0.000000000000000000e+00 0.000000000000000000e+00 0.000000000000000000e+00
0.000000000000000000e+00 0.000000000000000000e+00 0.000000000000000000e+00
