4.731650424041600189e-02 -7.658496926729935206e-02 3.935213613131915977e-02
-9.348941751046671578e-02 -1.827204765794282482e-01 8.565909676153982133e-02
6.461832551054846885e-02 -5.637425622118197310e-02 -1.215307912324479211e-01
-1.207875320457663104e-02 -1.050927259856937468e-01 3.735249531173234772e-02
-7.232297681101032549e-02 -4.902965795227032242e-02 -3.727803375351745885e-02
-4.432874769664396641e-02 4.502844565323915749e-02 -7.444013389858161744e-02
2.782792843749177791e-01 1.058477365693267780e-01 2.297517055259490348e-02
-2.163571494744783719e-01 -8.020273089567120373e-02 2.514857659600777673e-01
-6.282541497712584855e-02 -1.253059230047081640e-01 2.406304059223218772e-02
-1.153122228573745245e-01 -1.734127289260455063e-01 2.123452729314623255e-02
0.000000000000000000e+00 0.000000000000000000e+00 0.000000000000000000e+00
0.000000000000000000e+00 0.000000000000000000e+00 0.000000000000000000e+00
0.000000000000000000e+00 0.000000000000000000e+00 0.000000000000000000e+00
