7.116301090591793665e-02 -2.858912378558626372e-02 -7.670835464677061566e-03
2.633866642100848310e-01 -9.178197655516684428e-02 2.202309337334655837e-01
3.082226324378429805e-01 -8.916482212139603680e-02 3.999871841602216094e-01
3.989745254953358522e-02 -1.777923657928159318e-01 -4.156879950332204032e-03
-2.502866891984559250e-02 -1.302198147220212654e-03 4.654650149023220607e-02
-7.295110898176360159e-03 1.419675851445156844e-02 -4.733106574203249650e-02
1.436052270379963858e-01 5.370327650873635283e-02 2.329149781212924708e-02
5.809909262076928815e-02 -3.744661250301467015e-01 2.235583950954627142e-01
7.426458922962780873e-02 8.917939891861270674e-02 -1.273292805846004683e-02
-1.701884032125589030e-02 -1.338309170268357773e-01 5.987645498851001946e-03
0.000000000000000000e+00 0.000000000000000000e+00 0.000000000000000000e+00
0.000000000000000000e+00 0.000000000000000000e+00 0.000000000000000000e+00
0.000000000000000000e+00 0.000000000000000000e+00 0.000000000000000000e+00
