1.559777148679865333e-03 -6.540643396261079656e-02 -5.329399417002456119e-02
-3.965462032086338601e-02 -4.924619262162710509e-02 3.390536401028398927e-02
-2.807418502760339329e-03 6.528743108630719050e-02 -9.733363665114236341e-03
1.075438619056003908e-01 1.002025635930110514e-01 2.905464365637167035e-02
-2.683412849400529931e-01 -1.515111647258323702e-01 -1.319143701074465547e-01
-1.284906673767217677e-01 -2.523548037416867285e-02 -7.772403900997870707e-02
1.916284537419077338e-02 -9.488326247450895590e-02 1.268855423845947072e-01
-3.825697984550791020e-03 -1.341607289621715715e-01 -9.131041336785106211e-03
-2.451390532373223519e-01 -1.211985011382617494e-01 -1.303461079599559369e-01
1.704999982223112664e-01 -3.366659174638991781e-01 -2.921109138781297077e-02
0.000000000000000000e+00 0.000000000000000000e+00 0.000000000000000000e+00
0.000000000000000000e+00 0.000000000000000000e+00 0.000000000000000000e+00
0.000000000000000000e+00 0.000000000000000000e+00 0.000000000000000000e+00
