-2.020862389493643940e-05 1.967204571129074764e-05 8.655210587793504828e-06
-2.593280282587595575e-04 6.257099232387375309e-05 -1.019756029894125504e-04
-1.006102709701917064e-04 2.795512711681880091e-04 6.291075449205152381e-05
-8.803360441139718162e-05 2.682499059676601849e-04 -8.492990518371712483e-05
2.544929391515016182e-04 -6.588600121393284326e-05 8.809826809930143554e-05
5.382277190635331721e-05 -2.535153525765054816e-04 -8.115388354745789457e-05
-2.063909008772624176e-04 -1.805441840121435604e-04 9.816345415547544917e-05
-1.662199585358292708e-04 2.378043871975599188e-04 2.003906869774141342e-06
2.952555181386096184e-04 -1.288277990907360504e-05 4.513108757731032483e-05
-1.425348999645192904e-04 -2.723687628793936000e-04 3.701486251328489629e-05
0.000000000000000000e+00 0.000000000000000000e+00 0.000000000000000000e+00
0.000000000000000000e+00 0.000000000000000000e+00 0.000000000000000000e+00
0.000000000000000000e+00 0.000000000000000000e+00 0.000000000000000000e+00
