5.586504240416061140e-03 6.700496926729959668e-02 1.032136131319028038e-03
-9.705297681101018870e-02 1.075996579522707775e-01 -1.039380337535171783e-01
-1.068187532045766774e-01 1.693927259856939926e-01 1.316624953117324637e-01
1.118983255105484576e-01 1.515242562211822630e-01 -1.182807912324479460e-01
8.603058248953329712e-02 9.286047657942841926e-02 1.080890967615397713e-01
6.738928437491775725e-02 1.092822634306734320e-01 1.383851705525946940e-01
-5.891874769664395828e-02 1.038015543467610824e-01 -1.391801338985816372e-01
-3.574054149771258015e-01 1.608759230047085431e-01 -1.576695940776762228e-02
-2.258471494744782593e-01 1.625927308956716111e-01 2.472257659600782809e-01
1.318777714262558964e-02 4.792827289260458423e-01 -3.105472706853795728e-03
0.000000000000000000e+00 0.000000000000000000e+00 0.000000000000000000e+00
0.000000000000000000e+00 0.000000000000000000e+00 0.000000000000000000e+00
0.000000000000000000e+00 0.000000000000000000e+00 0.000000000000000000e+00
