3.496301090591799610e-02 2.858912378558627065e-02 2.822916453532275938e-02
-1.092086689198453336e-01 5.560219814722033860e-02 -5.723349850976777731e-02
-2.883254745046648360e-02 1.884723657928157881e-01 5.303312004966764803e-02
2.394926324378429117e-01 7.848482212139590297e-02 4.571771841602214614e-01
1.792066642100846596e-01 3.748197655516705140e-02 1.164509337334656003e-01
9.536522703799632517e-02 -4.915327650873629883e-02 1.249149781212910426e-02
-5.553511089817619872e-02 -1.874675851445134489e-02 -5.813106574203263932e-02
-9.881541077037220289e-02 1.568306010813875773e-01 1.211707194153976985e-02
-1.149809073792307235e-01 1.284561250301468061e-01 2.484083950954625308e-01
-9.111884032125583399e-02 1.338309170268360826e-01 1.075764549885072086e-02
0.000000000000000000e+00 0.000000000000000000e+00 0.000000000000000000e+00
0.000000000000000000e+00 0.000000000000000000e+00 0.000000000000000000e+00
0.000000000000000000e+00 0.000000000000000000e+00 0.000000000000000000e+00
