-2.362528043633118149e-02 -4.091550551640055905e-02 -2.425702274566177152e-03
1.886443991409776991e-02 4.395313238753084661e-03 -9.477450755134952942e-03
-5.634563366103795268e-03 1.853831830181079665e-02 -9.476931064323679266e-03
6.743303835385705547e-02 5.108937708349620133e-02 -7.559618209721286064e-03
2.074952156613340537e-01 -1.293061697810706789e-01 1.160638848056505523e-02
-2.157288965342728515e-01 1.150467738011537455e-01 1.160363920592377696e-02
1.051767224930899580e-02 8.393346416532571075e-02 -7.557479001014666409e-03
5.002646011661893155e-03 8.670687037849622580e-03 -1.498700137612241079e-02
2.755626693488333334e-02 1.819605791251166504e-02 4.858091787829366126e-04
1.983344350393601019e-03 3.295530226063080742e-02 4.857199361869568577e-04
0.000000000000000000e+00 0.000000000000000000e+00 0.000000000000000000e+00
0.000000000000000000e+00 0.000000000000000000e+00 0.000000000000000000e+00
0.000000000000000000e+00 0.000000000000000000e+00 0.000000000000000000e+00
