-4.272467627380803490e-02 -2.687719002474904702e-03 3.693207102017037613e-02
-1.682720581193022924e-02 4.875167933227642081e-02 -8.198926023134367469e-02
-3.923329592330493387e-02 -4.947915911353445440e-02 3.460423143954693970e-02
-1.032624167239997170e-01 -7.212313464811931363e-02 9.728664518215657253e-02
-1.591148384465197740e-01 -6.065179793737485170e-02 -1.290797713912317235e-01
-9.822188753680549667e-02 7.715690684440040803e-02 2.788352552122264072e-02
-1.954329138374799602e-02 7.298544577151172552e-02 -4.674881040477085747e-02
-1.220776726711297888e-01 2.013386853869514881e-01 2.174443439609330397e-02
9.166674144216513387e-03 2.127014073592831123e-01 2.519960942483057131e-01
-8.712407661431292860e-02 1.170635969368574308e-01 9.083150608752532662e-03
0.000000000000000000e+00 0.000000000000000000e+00 0.000000000000000000e+00
0.000000000000000000e+00 0.000000000000000000e+00 0.000000000000000000e+00
0.000000000000000000e+00 0.000000000000000000e+00 0.000000000000000000e+00
