4.961455647808296621e-04 -1.867651783032565904e-02 -8.730987292757674822e-03
2.031972572729222049e-01 -2.194687273855955301e-02 7.098057312949235254e-02
9.819686053448195562e-02 -1.793359470233041875e-01 -8.486988719264454417e-02
-8.282003676323479446e-02 -1.859665359458906875e-01 8.181947609557660428e-02
-1.708992869178095064e-01 -1.193913568755872179e-01 5.391877893070020633e-01
-1.292642860721372466e-01 1.922514252755399555e-01 9.980512257499274398e-02
1.047299787103621593e-01 1.995829123975968455e-01 -8.515460907361571685e-02
-7.947753895695380821e-02 3.586077752238635563e-01 -2.413825647606819835e-01
6.837288209202491140e-02 3.652237401328666255e-01 2.266283882388306914e-01
7.714304787780901229e-04 2.811447862755313554e-01 3.007485700103895709e-03
0.000000000000000000e+00 0.000000000000000000e+00 0.000000000000000000e+00
0.000000000000000000e+00 0.000000000000000000e+00 0.000000000000000000e+00
0.000000000000000000e+00 0.000000000000000000e+00 0.000000000000000000e+00
