-6.302747613525180870e-02 3.568000683281959823e-02 -5.435409027782167612e-02
-2.815011649584005238e-02 1.231097333954568329e-01 -1.178925666444210485e-01
-1.347899618924631726e-01 9.262519788428136280e-02 1.522145188561778717e-01
1.508007280989931420e-02 1.386249088022834530e-01 -4.815502020109718728e-03
1.394899435027427415e-01 -1.626972969980478023e-02 2.623743379237364337e-02
6.190221239345228277e-02 -2.043327057243682354e-01 7.284894094649718710e-03
-3.441780207044309314e-02 2.525226608770513859e-01 -1.093550949075337009e-01
1.116066994155937575e-01 9.227237977401736568e-02 -2.565011120106692744e-01
-1.936325347189116197e-02 1.402876285399295431e-01 -1.347112357835511531e-02
4.473629095080033924e-03 2.064799629839334794e-01 -1.272763900839724016e-01
0.000000000000000000e+00 0.000000000000000000e+00 0.000000000000000000e+00
0.000000000000000000e+00 0.000000000000000000e+00 0.000000000000000000e+00
0.000000000000000000e+00 0.000000000000000000e+00 0.000000000000000000e+00
