-4.668808464857981955e-03 -7.402261880017320383e-02 -2.782252040667287929e-05
3.025585622868966901e-02 -1.121605893134487442e-01 8.137592647764435583e-02
6.835852189539870505e-02 -1.139095094618061688e-01 -1.099106704701964254e-01
-5.916095899901541166e-02 -8.796386464294614349e-02 8.236058809432300620e-02
1.773067686370824458e-03 -9.987618033390754935e-02 -6.947561411115721342e-02
-3.546092175071369201e-02 -1.773560410381412322e-01 -1.637102368531313523e-01
2.299343027128708528e-02 -1.644436870374675341e-01 1.792977685789347575e-01
2.932640752344344293e-01 -1.391338926283824384e-01 1.263476825108300616e-02
3.337741469287436868e-01 -1.154025091597445929e-01 -2.430566970796412818e-01
2.929945403336210452e-01 -9.219161189549109070e-02 2.302160185748287624e-01
0.000000000000000000e+00 0.000000000000000000e+00 0.000000000000000000e+00
0.000000000000000000e+00 0.000000000000000000e+00 0.000000000000000000e+00
0.000000000000000000e+00 0.000000000000000000e+00 0.000000000000000000e+00
