5.001384782549325725e-02 -4.188544202363052305e-02 -8.730818701362608181e-03
-7.344079069517391034e-02 -1.067900337004213940e-01 9.450165143585387284e-02
5.078145825268132185e-02 1.069716698551955725e-01 -9.276114939355606381e-02
2.060630460358193750e-01 1.389405433464255268e-01 -1.545951576638673330e-01
3.368387803440006101e-01 -8.602573785398304196e-03 1.821459901857189756e-01
4.649727400387770881e-02 -3.238569677183512074e-01 4.292571076541111808e-01
-3.759697358646940657e-02 -2.469881586683099206e-01 1.632207692522920084e-01
2.835905705654481745e-01 -1.894209849448278971e-01 -1.102234185447237280e-02
1.760900626746029762e-01 -2.056172157926373645e-01 -2.400222461049095202e-01
2.559200571906825039e-01 -8.180385812893800623e-02 2.392984572024858814e-01
0.000000000000000000e+00 0.000000000000000000e+00 0.000000000000000000e+00
0.000000000000000000e+00 0.000000000000000000e+00 0.000000000000000000e+00
0.000000000000000000e+00 0.000000000000000000e+00 0.000000000000000000e+00
