-1.880846485800141688e-05 7.670261880017305300e-02 -2.782252040667287929e-05
1.391730676863710547e-01 1.052261803339072932e-01 -6.745614111157927084e-03
2.232904100098453970e-02 -2.939613535705398739e-02 3.526058809432308649e-02
-2.240147810460124678e-02 -2.940049053819415725e-02 -3.522067047019605823e-02
-1.392341437713106589e-01 1.052205893134486869e-01 6.685926477643988619e-03
-3.788656972871318196e-02 2.936936870374675101e-01 2.263977685789346772e-01
3.786907824928642530e-02 2.936760410381413777e-01 -2.264402368531306387e-01
-9.055585307125638139e-02 2.198250915974425679e-02 -1.269669707964071748e-02
9.035407523443450550e-02 2.198389262838218450e-02 1.263476825108300616e-02
-8.545966637907298491e-05 -2.285883881045089328e-01 -1.439814251713578130e-04
0.000000000000000000e+00 0.000000000000000000e+00 0.000000000000000000e+00
0.000000000000000000e+00 0.000000000000000000e+00 0.000000000000000000e+00
0.000000000000000000e+00 0.000000000000000000e+00 0.000000000000000000e+00
