-1.177615217450661729e-02 6.215442023630508850e-03 -8.730818701362608181e-03
6.163878034400055439e-02 2.276257378539847664e-02 2.511599018571875064e-02
2.972304603581943372e-02 -4.718054334642551861e-02 -1.046515766386768576e-02
-3.911854174731854705e-02 -4.764166985519568964e-02 2.387885060644379109e-02
-6.701079069517366926e-02 -7.299662995787770114e-04 -2.213834856414642616e-02
-4.630697358646918005e-02 4.838815866830981083e-02 1.909076925229236110e-02
-7.883272599612212161e-02 7.844696771835124594e-02 5.862871076541114057e-01
4.018006267460323688e-02 -2.409278420736271631e-02 3.007753895090559126e-03
-7.403942943455166237e-02 -1.705901505517226635e-02 -1.102234185447237280e-02
-1.096994280931740118e-02 7.895385812893791766e-02 -3.731542797514197929e-03
0.000000000000000000e+00 0.000000000000000000e+00 0.000000000000000000e+00
0.000000000000000000e+00 0.000000000000000000e+00 0.000000000000000000e+00
0.000000000000000000e+00 0.000000000000000000e+00 0.000000000000000000e+00
