-1.805093274365870970e-05 2.205104389675985321e-05 8.724278421912146086e-06
2.561776115901637230e-04 8.806563915175757984e-05 9.985300238035677012e-05
1.904802318662968119e-04 -1.856617117631520486e-04 -8.172713228793426765e-05
-7.449447309537671202e-05 -2.583876144684471576e-04 8.589460780594748712e-05
-1.885538726075393356e-04 2.101799156722927719e-04 -8.405629790608770691e-05
-1.864018127052391449e-04 2.249556217873704966e-04 6.368907155174241552e-05
7.512918110064159549e-05 2.491818275666135563e-04 -1.026494928115795346e-04
3.086850023354195671e-04 -7.501812243293493054e-06 3.783465341955505323e-05
-1.331509737377278846e-04 -2.651895990804231662e-04 4.438275094154064959e-05
-1.238835517644032436e-04 2.622245779826393175e-04 2.122852098551675226e-06
0.000000000000000000e+00 0.000000000000000000e+00 0.000000000000000000e+00
0.000000000000000000e+00 0.000000000000000000e+00 0.000000000000000000e+00
0.000000000000000000e+00 0.000000000000000000e+00 0.000000000000000000e+00
