6.079023343239779720e-03 -1.598999498492013546e-02 7.626271455012378908e-03
1.036725367983302171e-01 -1.139874602325946507e-01 -5.610949080149634227e-01
5.343555799952171004e-02 -1.258874154421193992e-01 -5.940387664391355571e-02
-6.360441451193254991e-02 -1.179326227606272703e-01 4.464616748712169070e-02
-1.281973983669046913e-01 -1.553249612227358689e-02 -4.562498644649215507e-02
-5.467327306130698172e-02 1.270200904888117988e-01 4.645356918530474388e-02
1.006967438605873566e-01 1.147399278193882433e-01 -6.390644074908857775e-02
-1.191355271198422106e-01 4.097389277087891690e-01 -2.237369233390724688e-01
-1.026455438602846271e-01 -1.000489084255372085e-01 1.401314408330378569e-02
1.241901712795429047e-02 1.641299811159812050e-01 -7.396198310116286478e-03
0.000000000000000000e+00 0.000000000000000000e+00 0.000000000000000000e+00
0.000000000000000000e+00 0.000000000000000000e+00 0.000000000000000000e+00
0.000000000000000000e+00 0.000000000000000000e+00 0.000000000000000000e+00
