-1.689260915724952877e-02 -2.721504765980379409e-03 7.626409306705994595e-03
-1.357513448105898968e-01 -1.665853246518866904e-02 -5.940236092046724536e-02
-1.505653344914702485e-01 3.278962185420897235e-02 -5.610960548814096782e-01
4.901755933917761876e-02 1.445807823811491311e-01 -6.390831404071883881e-02
1.373412898682659644e-01 1.615962969938256055e-02 4.645541068593228573e-02
5.064587152987398699e-02 -1.187847827828092395e-01 -4.562575975710236875e-02
-7.033296825657586737e-02 -1.140424289191714902e-01 4.464757370861294206e-02
4.144115127639682594e-01 1.016956042911043578e-01 -2.237365141941265456e-01
1.359306841836971924e-01 9.282889494158697019e-02 -7.396157536897263185e-03
-3.532207458656166921e-02 -1.389146142867257738e-01 1.401361857274929790e-02
0.000000000000000000e+00 0.000000000000000000e+00 0.000000000000000000e+00
0.000000000000000000e+00 0.000000000000000000e+00 0.000000000000000000e+00
0.000000000000000000e+00 0.000000000000000000e+00 0.000000000000000000e+00
