-1.689260915839504301e-02 2.721504766648865509e-03 7.626409306694448276e-03
1.373412898646736713e-01 -1.615962969715245556e-02 4.645541068248526528e-02
4.901755933547191635e-02 -1.445807823790825064e-01 -6.390831403731933591e-02
-1.505653344898735257e-01 -3.278962185320222211e-02 -5.610960548852133023e-01
-1.357513448115520716e-01 1.665853246694393164e-02 -5.940236092017503466e-02
-7.033296825860857471e-02 1.140424289191376284e-01 4.464757370823368987e-02
5.064587152983945906e-02 1.187847827809777601e-01 -4.562575975335869671e-02
1.359306841751553030e-01 -9.282889493666057756e-02 -7.396157536917247199e-03
4.144115127715952140e-01 -1.016956042908891966e-01 -2.237365141934142265e-01
-3.532207458295949509e-02 1.389146142799756178e-01 1.401361857194727278e-02
0.000000000000000000e+00 0.000000000000000000e+00 0.000000000000000000e+00
0.000000000000000000e+00 0.000000000000000000e+00 0.000000000000000000e+00
0.000000000000000000e+00 0.000000000000000000e+00 0.000000000000000000e+00
