4.225762966593407666e-02 1.599000003655787552e-02 -2.826265050699072745e-02
-4.406306299490986983e-02 -3.873318113587065348e-02 5.811627429831922598e-02
5.091968816237524287e-03 1.072582260214714478e-01 -1.251536632161709406e-02
1.221319687948074773e-01 1.365617739682599141e-01 -1.165653663138686014e-01
1.878069370397429660e-01 1.682531811207926831e-01 -4.573537256944071316e-01
1.489032364582241197e-01 -1.192883570597420562e-01 -5.311458812444858069e-02
-6.466763507292916380e-03 -1.224716429433618248e-01 5.724541187831055922e-02
7.035327305644034634e-02 -1.458557290578530452e-01 -1.081247764901327457e-02
5.386327306881277810e-02 -1.638342709534154062e-01 -2.485624776606747410e-01
8.646792575959899585e-02 -1.641299999937527454e-01 -1.217247617242023239e-02
0.000000000000000000e+00 0.000000000000000000e+00 0.000000000000000000e+00
0.000000000000000000e+00 0.000000000000000000e+00 0.000000000000000000e+00
0.000000000000000000e+00 0.000000000000000000e+00 0.000000000000000000e+00
