-7.282354999064281388e-03 4.459999999999999382e-02 -2.826263911622906022e-02
9.033698577287428699e-02 5.803685998643415278e-02 -1.251374460501786245e-02
-1.151800786185552816e-02 -5.752175272303960973e-02 5.811463738061473094e-02
-1.028380078618554849e-01 -6.683824727696036083e-02 5.724463738061436047e-02
-1.777630142271257041e-01 6.930314001356585596e-02 -5.311374460501783190e-02
5.180326241929766873e-02 2.467816269177990351e-01 -4.573545800361609182e-01
5.719326241929767463e-02 1.740583730822009012e-01 -1.165645800361607698e-01
-1.614967435476422630e-01 -1.200572970487728819e-02 -1.081248056147066094e-02
-1.853767435476422476e-01 -7.174270295122742169e-03 -1.217248056147024471e-02
-1.688221165750404262e-01 -3.527000000000000274e-02 -2.485624650176738726e-01
0.000000000000000000e+00 0.000000000000000000e+00 0.000000000000000000e+00
0.000000000000000000e+00 0.000000000000000000e+00 0.000000000000000000e+00
0.000000000000000000e+00 0.000000000000000000e+00 0.000000000000000000e+00
