-7.282355007086151882e-03 -4.460000000000002851e-02 -2.826263918182769785e-02
-1.777630144772318899e-01 -6.930314026506056990e-02 -5.311374443967409320e-02
-1.028380079311154160e-01 6.683824719549963378e-02 5.724463737385354634e-02
-1.151800793111545929e-02 5.752175280450033679e-02 5.811463737385391681e-02
9.033698552276767102e-02 -5.803685973494021599e-02 -1.251374443967545602e-02
5.719326228507926047e-02 -1.740583729746346675e-01 -1.165645801237702450e-01
5.180326228507925457e-02 -2.467816270253652688e-01 -4.573545801237703934e-01
-1.853767433010859167e-01 7.174270275326743995e-03 -1.217248050824171202e-02
-1.614967433010848774e-01 1.200572972467367494e-02 -1.081248050824079598e-02
-1.688221162098736405e-01 3.527000000000037050e-02 -2.485624651405515806e-01
0.000000000000000000e+00 0.000000000000000000e+00 0.000000000000000000e+00
0.000000000000000000e+00 0.000000000000000000e+00 0.000000000000000000e+00
0.000000000000000000e+00 0.000000000000000000e+00 0.000000000000000000e+00
