3.131196730427792188e-05 2.259693620089431310e-06 8.573774741726936099e-06
-2.594032337908946939e-04 7.805747626565828767e-05 -8.028172476981509931e-05
-5.688880318766020849e-05 2.664883685268848446e-04 9.615879101954050157e-05
1.754664216467860527e-04 1.856900631748148456e-04 -1.027170224761064787e-04
2.870467067556028290e-04 -5.427535544333395023e-05 6.453651804427806837e-05
2.688941221764551415e-04 -5.744536220075868727e-05 -8.376923285968729260e-05
-1.863709774262423124e-04 -1.908575375481058600e-04 8.615607413098302914e-05
-1.692016620018499395e-04 2.640813347159487456e-04 3.616763818747870118e-05
2.829655772064593178e-04 2.520088643109819060e-05 2.427055457054905219e-06
-1.655595732665271491e-04 -2.484818116524900589e-04 4.429988207066415384e-05
0.000000000000000000e+00 0.000000000000000000e+00 0.000000000000000000e+00
0.000000000000000000e+00 0.000000000000000000e+00 0.000000000000000000e+00
0.000000000000000000e+00 0.000000000000000000e+00 0.000000000000000000e+00
