3.131196730512967111e-05 -2.259693620429437111e-06 8.573774740838757680e-06
2.870467067430694519e-04 5.427535544333395023e-05 6.453651803894899786e-05
1.754664216386814246e-04 -1.856900631649338607e-04 -1.027170224703333190e-04
-5.688880318255318258e-05 -2.664883685152830139e-04 9.615879101154689579e-05
-2.594032337788210185e-04 -7.805747626143944018e-05 -8.028172476448602879e-05
-1.863709774175825729e-04 1.908575375406673658e-04 8.615607412654213704e-05
2.688941221759555411e-04 5.744536219476348293e-05 -8.376923285835502497e-05
2.829655771910133399e-04 -2.520088642599116469e-05 2.427055455722637589e-06
-1.692016619886382855e-04 -2.640813347004611344e-04 3.616763818481416592e-05
-1.655595732573122980e-04 2.484818116402220944e-04 4.429988206711144016e-05
0.000000000000000000e+00 0.000000000000000000e+00 0.000000000000000000e+00
0.000000000000000000e+00 0.000000000000000000e+00 0.000000000000000000e+00
0.000000000000000000e+00 0.000000000000000000e+00 0.000000000000000000e+00
