2.550272861832198618e-03 -1.908953204490006217e-03 7.734543645975033854e-03
2.830071517190556607e-01 6.145955365268662707e-02 1.284450359704569777e-01
1.926037083658017623e-01 -2.206250968381644473e-01 -8.951690466606443408e-02
-9.226331123792774758e-02 -2.442905930741883225e-01 8.796126084275268653e-02
-2.529937593647965111e-01 -3.394125265690806081e-02 -9.000346395706371183e-02
-1.761256375877069402e-01 1.896368364835769871e-01 1.157004363838014527e-01
8.592001892754042025e-02 2.547688695948432391e-01 -6.140703271767211646e-02
1.893686694984593744e-01 -4.791661111833281361e-02 1.802754524442162776e-02
-2.501484138341188990e-01 -2.030293654401528203e-01 -7.660881341630787489e-03
-1.129093717378765183e-01 3.196719653856971433e-01 5.807722219250077700e-02
0.000000000000000000e+00 0.000000000000000000e+00 0.000000000000000000e+00
0.000000000000000000e+00 0.000000000000000000e+00 0.000000000000000000e+00
0.000000000000000000e+00 0.000000000000000000e+00 0.000000000000000000e+00
