2.550272338547914658e-03 1.908953642839023024e-03 7.734543656043868509e-03
-2.529937593057353662e-01 3.394125335245168351e-02 -9.000346492662814057e-02
-9.226331169732393533e-02 2.442905928658751225e-01 8.796126116641111992e-02
1.926037072086562718e-01 2.206250965988101331e-01 -8.951690424493508047e-02
2.830071501581204463e-01 -6.145955277866421707e-02 1.284450356312882846e-01
8.592001768564938580e-02 -2.547688684112776047e-01 -6.140703260022339904e-02
-1.761256373501487449e-01 -1.896368353495208048e-01 1.157004363290887738e-01
-2.501484153627825391e-01 2.030293665718242435e-01 -7.660882089398857175e-03
1.893686687355533860e-01 4.791661166627597668e-02 1.802754541405704458e-02
-1.129093726106187301e-01 -3.196719648042701256e-01 5.807722252669611507e-02
0.000000000000000000e+00 0.000000000000000000e+00 0.000000000000000000e+00
0.000000000000000000e+00 0.000000000000000000e+00 0.000000000000000000e+00
0.000000000000000000e+00 0.000000000000000000e+00 0.000000000000000000e+00
