5.652784826136458829e-06 -4.127626242938937917e-09 -1.386073067521920166e-05
1.039280437757639231e-06 -2.112143797416976554e-06 -1.101670770653484510e-05
5.813159630774222819e-06 5.665170172364231149e-06 -1.446841669849874279e-05
6.133282535847328631e-06 -5.050147389829007238e-06 -1.474854915883838657e-05
1.753575457036360419e-06 2.124656288460258224e-06 -1.080986849588683185e-05
-1.007241809170000835e-05 -6.548432397557313323e-06 -1.042027785036481191e-05
-1.046853568276162605e-05 5.867258278446918496e-06 -1.011715497689635868e-05
1.580793349720277519e-05 6.614387339287652878e-06 -1.045228465068603896e-05
1.654709859888470191e-05 -6.101454740781164787e-06 -1.053924533778172190e-05
1.135883957627537022e-04 -2.706061302302616746e-07 -1.972950065018963528e-04
0.000000000000000000e+00 0.000000000000000000e+00 0.000000000000000000e+00
0.000000000000000000e+00 0.000000000000000000e+00 0.000000000000000000e+00
0.000000000000000000e+00 0.000000000000000000e+00 0.000000000000000000e+00
