1.769012067790554088e-02 3.213232204294985683e-02 1.096206315680348098e-02
-2.875026123525956101e-01 9.186507699588042364e-02 -1.726053216837160065e-01
-7.806190774705124014e-02 3.469518361185131017e-01 -6.513532043365088953e-02
2.652249982651919691e-01 1.814601703028848600e-01 -3.341739663912304259e-01
4.459461371423830700e-01 -9.857111838047938335e-03 1.236356938025529040e-01
1.132673351390642846e-01 -3.596484531858913369e-01 3.981611726808154117e-02
-1.751234037784131226e-01 -1.372439869869942486e-01 2.983461989629399014e-01
-1.656687234736068381e-01 3.831778757596774332e-01 -1.123997452007468034e-01
5.841001921100391625e-01 7.051276116539187400e-02 -8.060615747647537077e-02
-6.467917547606120976e-02 -3.536506538260842936e-01 2.429580595083087324e-01
0.000000000000000000e+00 0.000000000000000000e+00 0.000000000000000000e+00
0.000000000000000000e+00 0.000000000000000000e+00 0.000000000000000000e+00
0.000000000000000000e+00 0.000000000000000000e+00 0.000000000000000000e+00
